Name,Age,IP,G,GS,R,RA9,RA9opp,RA9def,RA9role,PPFp,RA9avg,RAA,WAA,gmLI,WAAadj,WAR,RAR,waaWL%,162WL%,Salary,Acquired
Matt Albers\alberma01,33,51.1,58,1,44,7.71,4.59,-0.16,-0.31,97.0,4.31,-20,-2.0,1.32,-0.4,-1.9,-14,.465,.488,$2000000,Free Agency
Chris Beck\beckch02,25,25.1,25,0,18,6.39,4.47,-0.15,-0.32,96.4,4.15,-7,-0.7,.88,0.0,-0.4,-4,.473,.496,,Amateur Draft
Scott Carroll\carrosc02,31,2.1,3,0,3,11.57,4.56,-0.12,-0.33,108.8,4.73,-2,-0.2,.30,0.1,-0.1,-2,.441,.499,,Free Agency
Tyler Danish\danisty01,21,1.2,3,0,2,10.80,4.33,-0.25,-0.31,92.0,3.93,-1,-0.1,.55,0.0,-0.1,-1,.457,.499,,Amateur Draft
John Danks*\danksjo01,31,22.1,4,4,20,8.06,4.53,-0.15,0.18,94.4,4.59,-9,-0.8,,0.0,-0.6,-6,.312,.495,,Traded
Zach Duke*\dukeza01,33,37.2,53,0,11,2.63,4.89,-0.12,-0.35,95.3,4.44,7,0.8,1.32,0.0,1.2,11,.514,.505,,Free Agency
Carson Fulmer\fulmeca01,22,11.2,8,0,11,8.49,4.55,-0.13,-0.33,97.4,4.24,-6,-0.5,.49,0.1,-0.3,-4,.431,.497,,Amateur Draft
Miguel Gonzalez\gonzami03,32,135.0,24,23,61,4.07,4.57,-0.15,0.18,97.1,4.75,9,1.0,.50,-0.1,2.2,24,.541,.506,,Free Agency
Dan Jennings*\jennida01,29,60.2,64,0,18,2.67,4.67,-0.14,-0.34,96.8,4.33,11,1.1,1.08,-0.1,1.7,17,.518,.507,$810000,Traded
Erik Johnson\johnser04,26,11.2,2,2,9,6.94,4.85,-0.14,0.20,92.0,4.78,-3,-0.3,,0.0,-0.2,-2,.367,.498,,Amateur Draft
Nate Jones\jonesna01,30,70.2,71,0,20,2.55,4.57,-0.11,-0.33,96.8,4.21,12,1.3,1.70,0.3,2.3,20,.519,.508,$900000,Amateur Draft
Tommy Kahnle\kahnlto01,26,27.1,29,0,8,2.63,4.60,-0.12,-0.33,96.9,4.26,5,0.5,.91,-0.1,0.7,8,.517,.503,,Traded
Mat Latos\latosma01,28,60.1,11,11,33,4.92,4.55,-0.16,0.18,96.4,4.71,-2,-0.2,,0.0,0.4,5,.482,.499,$3000000,Free Agency
Juan Minaya\minayju01,25,10.1,11,0,6,5.23,4.37,-0.15,-0.32,99.1,4.16,-1,-0.1,.54,0.0,0.0,0,.488,.499,,Waivers
Jake Petricka\petrija01,28,8.0,9,0,5,5.63,4.94,-0.14,-0.36,95.6,4.51,-1,-0.1,1.00,0.0,-0.1,0,.488,.499,$535000,Amateur Draft
Matt Purke*\purkema01,25,18.0,12,0,12,6.00,4.66,-0.15,-0.34,98.1,4.39,-3,-0.3,.39,0.1,-0.1,-1,.471,.498,,Free Agency
Zach Putnam\putnaza01,28,27.1,25,0,7,2.30,4.59,-0.12,-0.33,96.4,4.22,6,0.6,.81,-0.1,0.8,9,.524,.504,$975000,Free Agency
Jose Quintana*\quintjo01,27,208.0,32,32,76,3.29,4.54,-0.13,0.18,97.4,4.73,31,3.5,,-0.1,5.4,54,.610,.522,$5400000,Free Agency
Anthony Ranaudo\ranauan01,26,27.2,7,5,26,8.46,4.72,-0.17,0.15,101.3,5.10,-11,-1.0,.02,0.0,-0.7,-8,.362,.494,,Traded
David Robertson\roberda08,31,62.1,62,0,24,3.47,4.60,-0.12,-0.33,97.3,4.27,5,0.5,1.83,0.1,1.2,12,.508,.503,$11000000,Free Agency
Carlos Rodon*\rodonca01,23,165.0,28,28,82,4.47,4.48,-0.13,0.18,98.0,4.70,3,0.3,,-0.1,1.8,20,.510,.502,$518000,Amateur Draft
Chris Sale*\salech01,27,226.2,32,32,88,3.49,4.52,-0.12,0.18,96.0,4.63,27,3.0,,-0.1,5.0,51,.592,.518,$9150000,Amateur Draft
James Shields\shielja02,34,114.1,22,22,89,7.01,4.52,-0.16,0.18,94.9,4.61,-31,-2.9,,-0.1,-1.8,-19,.369,.482,$21000000,Traded
JB Shuck*\shuckja01,29,1.0,1,0,1,9.00,4.75,-0.18,-0.34,92.0,4.22,-1,-0.1,.00,0.0,0.0,0,.446,.500,$521000,Waivers
Blake Smith\smithbl01,28,4.1,5,0,3,6.23,4.33,-0.20,-0.31,96.8,4.08,-1,-0.1,.20,0.0,0.0,-1,.478,.499,,Rule 5 returned
Jacob Turner\turneja01,25,24.2,18,2,27,9.85,4.55,-0.16,-0.18,96.3,4.37,-15,-1.5,.81,0.1,-1.2,-13,.418,.491,$1500000,Waivers
Daniel Webb\webbda01,26,1.0,1,0,0,0.00,4.51,-0.10,-0.32,104.0,4.46,0,0.1,.00,0.0,0.0,1,.552,.500,,Traded
Michael Ynoa\ynoami01,24,30.0,23,0,11,3.30,4.46,-0.12,-0.32,98.4,4.20,3,0.3,.42,-0.2,0.4,6,.512,.502,,Traded
Team Total,28.2,1446.2,643,162,715,4.45,4.56,-0.14,0.02,96.8,4.56,5,2.0,1.18,-0.8,15.6,161,.503,.503,$57309000,
